A.wav: 258.2352941176471 Hz
76.5, 90.0, 100.0, 68.7, 28.1, 19.2, 4.2, 2.0, 2.2, 5.1, 8.5, 9.5, 5.3, 3.5, 4.4, 3.9, 2.4, 0.8, 0.5, 0.8
A2.wav: 780.3846153846154 Hz
100.0, 42.7, 7.0, 8.9, 6.2, 3.4, 0.9, 0.7, 1.4, 0.8, 0, 0, 0, 0, 0, 0, 0, 0, 0, 0
A2_part.wav: 779.6052631578948 Hz
100.0, 56.8, 10.0, 9.1, 4.8, 2.5, 1.4, 1.1, 0.7, 0.7, 0, 0, 0, 0, 0, 0, 0, 0, 0, 0
I.wav: 259.1705069124424 Hz
100.0, 38.0, 7.9, 3.9, 2.7, 5.4, 6.8, 10.1, 15.2, 12.8, 6.0, 5.2, 4.5, 4.1, 5.7, 2.6, 2.1, 0.7, 0.8, 0.7
I1.wav: 260.9929078014184 Hz
100.0, 37.5, 3.9, 1.9, 2.2, 3.6, 11.3, 9.8, 16.3, 10.4, 5.6, 5.9, 3.6, 2.5, 3.5, 3.3, 2.7, 0.8, 0.8, 0.4
I2.wav: 259.375 Hz
100.0, 28.5, 6.9, 4.4, 1.8, 4.6, 4.7, 4.9, 16.0, 11.9, 5.9, 5.7, 5.5, 4.8, 6.6, 2.1, 1.7, 0.7, 0.5, 0.6
I_bis.wav: 260.5660377358491 Hz
100.0, 22.6, 9.8, 5.4, 3.6, 2.0, 4.2, 8.2, 9.4, 8.3, 11.0, 12.0, 11.9, 14.4, 6.8, 6.4, 6.0, 4.2, 2.7, 1.1
I_bis_part.wav: 260.9929078014184 Hz
100.0, 26.1, 8.2, 2.8, 3.2, 2.3, 3.4, 7.1, 6.7, 6.8, 12.1, 13.3, 9.6, 13.8, 5.3, 7.0, 5.6, 3.6, 2.3, 1.4
o.wav: 517.3652694610779 Hz
100.0, 48.3, 5.7, 0.4, 3.0, 3.9, 2.3, 1.3, 0.5, 0.3, 0.2, 0.3, 0.2, 0.3, 0.2, 0, 0, 0, 0, 0
O2.wav: 525.0746268656716 Hz
100.0, 52.6, 3.0, 1.2, 2.2, 2.2, 1.7, 2.6, 0.7, 0.6, 0.5, 0.4, 0.3, 0.6, 0.3, 0, 0, 0, 0, 0
O2_part.wav: 259.1125198098257 Hz
83.3, 82.0, 100.0, 48.7, 7.5, 3.2, 1.7, 3.1, 1.2, 4.5, 4.6, 4.0, 2.8, 2.8, 6.7, 2.1, 1.1, 0.9, 0.7, 0.5
